31,5
31,1
31,3
33,4
14,5
33,15
33,14
33,13
33,12
33,11
33,10
33,9
33,8
33,7
33,6
33,5
33,3
37,35
10,93
10,121
10,89
10,269
10,231
10,215
10,145
10,13
11,19
11,21
11,7
11,25
11,11
11,5
11,23
9,5
8,13
8,11
8,10
8,16
8,17
0,318
35,7
35,6
35,5
35,4
35,3
35,2
35,1
35,0
34,5
34,4
34,3
34,2
34,1
34,0
33,69
33,1
33,68
33,67
33,66
33,65
33,64
33,36
33,35
33,34
33,33
33,32
33,31
33,30
33,29
33,28
33,27
33,26
33,25
33,24
33,23
33,22
33,21
33,20
33,19
33,18
33,17
33,16
30,4
30,3
30,1
29,3
29,1
28,5
28,4
28,3
28,1
27,3
27,1
26,4
26,3
26,1
25,5
25,4
25,3
25,1
24,4
24,3
24,1
20,3
20,2
20,1
19,3
19,2
19,1
12,3
12,2
12,1
11,24
11,18
11,12
18,1
11,8
